2258 1231 1
1498 3312 1
235 2098 1
1923 189 1
1596 1821 1
3037 3485 1
3120 3874 1
3335 716 1
4003 2909 1
3557 1009 1
3634 3728 1
2204 3723 1
15 1981 1
338 596 1
190 1986 1
1632 675 1
913 1198 1
1653 2341 1
3951 3714 1
2064 887 1
1042 1099 1
2723 3327 1
1549 1055 1
1553 3206 1
1266 3315 1
1627 2371 1
436 3206 1
2057 1091 1
2906 1048 1
1559 311 1
3012 1026 1
792 619 1
1923 3733 1
1575 3753 1
1407 3305 1
258 807 1
4121 1099 1
1050 3886 1
832 600 1
250 3487 1
3769 882 1
3054 3318 1
1824 3312 1
865 3844 1
1953 2007 1
2067 2703 1
4069 653 1
1903 1033 1
4128 642 1
360 3879 1
3487 3653 1
2825 3863 1
206 1268 1
133 2241 1
2753 472 1
2992 1806 1
2675 3604 1
1977 768 1
1400 1571 1
2731 3554 1
6 3283 1
405 407 1
1641 1059 1
1030 2998 1
3282 2477 1
3917 823 1
1412 1894 1
2977 3733 1
2241 1156 1
1729 2465 1
356 1650 1
4015 2281 1
1981 778 1
2575 3173 1
1531 3499 1
1082 1295 1
4079 1266 1
338 1063 1
3503 1145 1
4020 354 1
3297 2276 1
1923 1824 1
2728 3683 1
5 673 1
796 201 1
1030 2398 1
2753 737 1
2284 3326 1
2173 1976 1
1707 1949 1
105 1165 1
1098 1168 1
341 1946 1
1064 2479 1
285 3663 1
2604 548 1
4011 533 1
3418 3613 1
1764 4078 1
2280 2429 1
3260 3400 1
2635 1177 1
2783 2291 1
1709 913 1
3064 1872 1
3066 1799 1
2125 2248 1
407 3287 1
424 518 1
1718 2157 1
670 2652 1
3418 3487 1
2998 2196 1
1599 532 1
2196 2369 1
3544 2266 1
2572 1250 1
3238 1950 1
3123 1226 1
432 2220 1
318 564 1
824 2109 1
182 1867 1
2201 335 1
2004 3418 1
925 775 1
4052 3641 1
1236 776 1
1419 2004 1
3387 977 1
1689 2253 1
772 2451 1
3174 739 1
472 917 1
1419 4011 1
707 2398 1
67 2767 1
428 3264 1
2560 1535 1
2722 1476 1
430 2020 1
3288 2320 1
1677 3150 1
1230 3897 1
2783 1230 1
807 409 1
3935 1030 1
2634 3111 1
2723 2999 1
2634 3127 1
1653 2303 1
250 2386 1
2015 1167 1
1616 3789 1
2965 1661 1
1770 3728 1
1555 1901 1
198 3638 1
1601 2447 1
2138 3657 1
2369 2398 1
3933 1045 1
350 529 1
696 1952 1
3120 1064 1
3005 462 1
1689 2503 1
3573 3555 1
1766 3406 1
1901 3872 1
2094 409 1
230 2241 1
2753 1064 1
1465 3041 1
133 1405 1
3360 2482 1
1607 1608 1
3288 2233 1
2164 1076 1
3953 69 1
2898 3179 1
595 1113 1
1535 1981 1
3287 1024 1
1932 1965 1
1209 3894 1
424 1506 1
1892 1853 1
319 1062 1
590 1160 1
463 2040 1
757 2399 1
2013 3134 1
3087 1997 1
3659 1051 1
3659 3894 1
2998 823 1
239 2398 1
2741 2398 1
1763 4078 1
885 3550 1
3231 2305 1
3945 1078 1
2753 1091 1
3124 810 1
2321 2867 1
2867 2247 1
766 2126 1
2245 2264 1
1707 2039 1
1986 901 1
1722 2125 1
6 436 1
3172 989 1
1625 1751 1
3283 3297 1
250 2211 1
1627 1215 1
3074 3578 1
1956 1182 1
1531 1284 1
2733 1116 1
2074 1140 1
596 3352 1
3354 2159 1
939 2302 1
1671 1771 1
1939 2079 1
3548 979 1
3126 1014 1
2196 2290 1
2999 428 1
531 3770 1
1596 2448 1
2757 1256 1
2575 767 1
569 3491 1
2635 3180 1
2780 796 1
366 2320 1
55 413 1
3190 3304 1
1816 1988 1
3156 4038 1
4043 1888 1
2734 4117 1
1553 2211 1
3541 3705 1
131 2250 1
572 1160 1
2436 2327 1
190 3541 1
2802 2462 1
1879 922 1
2876 3154 1
2048 2333 1
2723 3048 1
1711 1900 1
3289 1039 1
91 3965 1
754 3356 1
4129 3557 1
1134 3514 1
1237 2856 1
2996 626 1
1591 1096 1
951 2411 1
311 1945 1
569 3312 1
1550 767 1
2780 3897 1
2168 3756 1
2701 2372 1
2620 3611 1
4052 1907 1
2309 1072 1
2723 776 1
312 2250 1
2782 796 1
804 1198 1
5 1002 1
6 3951 1
3352 1031 1
279 2198 1
4128 1537 1
652 3613 1
3126 2290 1
1593 681 1
3286 2256 1
1532 3594 1
2795 250 1
2177 1010 1
418 635 1
3613 2366 1
3473 2242 1
3941 1295 1
1015 2487 1
41 579 1
1928 1958 1
1487 3903 1
1559 3081 1
98 2036 1
951 2462 1
2897 2998 1
1641 3087 1
3754 3409 1
3712 3753 1
595 2749 1
1209 2291 1
1125 1288 1
344 3818 1
1400 3871 1
2604 4105 1
2321 1394 1
3989 3048 1
4052 3754 1
245 3078 1
3174 3487 1
344 1836 1
2541 46 1
387 2290 1
3087 1059 1
2906 3378 1
2897 2399 1
2944 3637 1
3387 3613 1
250 3613 1
1923 2211 1
3318 3603 1
1766 668 1
407 2247 1
472 1513 1
1644 1983 1
2943 2481 1
1974 2148 1
1559 3789 1
2890 2068 1
2560 1226 1
942 3903 1
1453 1264 1
1407 2819 1
823 2744 1
1006 1771 1
1603 569 1
2031 2272 1
311 2233 1
250 2984 1
3020 1841 1
1011 1186 1
3287 1945 1
311 778 1
3555 2489 1
2780 2291 1
3820 1078 1
250 1759 1
2296 2338 1
3040 3559 1
3183 2245 1
557 1156 1
3342 2295 1
1546 2248 1
3219 868 1
3211 4073 1
2613 1134 1
2898 1235 1
366 1169 1
1660 867 1
739 1064 1
3288 847 1
556 2290 1
673 3387 1
426 3894 1
1779 3518 1
1475 3260 1
1419 1064 1
1554 1979 1
1732 3212 1
3155 785 1
1744 2020 1
1241 2319 1
1783 3714 1
1030 1014 1
710 3338 1
3679 1146 1
562 737 1
3330 3710 1
757 823 1
767 2489 1
2977 1824 1
3578 3347 1
1169 706 1
1923 1419 1
2134 479 1
975 635 1
2004 3613 1
2196 1014 1
1419 3613 1
1999 832 1
2759 673 1
3557 1506 1
3095 2281 1
3054 3625 1
3267 2536 1
2861 2235 1
455 2912 1
2502 1198 1
3327 3473 1
4135 2026 1
2906 15 1
2189 2278 1
1543 3431 1
1901 3599 1
3167 2420 1
3326 2035 1
2211 3714 1
3379 1161 1
3579 340 1
1608 3743 1
1353 323 1
3673 2372 1
3664 3665 1
1549 362 1
153 1016 1
2780 1230 1
3074 739 1
85 416 1
2753 3663 1
157 556 1
626 3603 1
1616 407 1
3951 97 1
3271 1780 1
184 2350 1
2650 814 1
3165 1122 1
2903 600 1
2772 471 1
2759 3283 1
1127 497 1
778 2970 1
569 885 1
523 584 1
312 3347 1
21 126 1
2721 3244 1
4014 1438 1
444 3231 1
1137 1295 1
1041 1051 1
2776 366 1
3728 1262 1
2856 3550 1
679 1211 1
3498 2373 1
1510 2810 1
2770 1768 1
4079 3487 1
2128 1215 1
551 2241 1
3087 1187 1
3337 1629 1
3639 3664 1
3154 2094 1
3486 1065 1
311 2970 1
1763 1983 1
3172 1065 1
407 1394 1
1495 569 1
4023 2406 1
412 2947 1
3264 2060 1
3951 2004 1
423 547 1
2903 2081 1
1553 3613 1
690 863 1
1134 2230 1
1759 2386 1
3634 1078 1
1733 3728 1
2821 2081 1
1946 2138 1
3465 2473 1
616 3762 1
1051 3894 1
590 1873 1
250 2276 1
1783 3174 1
1419 529 1
1433 3502 1
3400 1153 1
2992 497 1
650 844 1
2301 570 1
1464 2737 1
1783 3613 1
157 3707 1
2753 1759 1
687 924 1
1596 1231 1
34 43 1
3358 807 1
150 3729 1
3625 3762 1
2233 1048 1
2998 757 1
1620 1665 1
3591 3288 1
468 2099 1
1041 3894 1
2783 598 1
2020 3728 1
3095 611 1
1348 3659 1
1733 799 1
4079 2276 1
495 3832 1
3189 2417 1
1952 750 1
2518 656 1
1923 3297 1
1436 1082 1
3487 3714 1
1546 3728 1
2867 2280 1
15 2233 1
2962 1674 1
569 705 1
2168 1041 1
236 1901 1
3347 3613 1
153 2022 1
1134 2098 1
1351 2825 1
2247 2429 1
1920 1180 1
1854 1043 1
2196 2399 1
462 1000 1
619 1231 1
569 1997 1
3339 3652 1
1559 3287 1
518 2168 1
1640 1761 1
436 1091 1
2321 3591 1
2909 2201 1
2992 1679 1
1030 3707 1
1030 387 1
2560 1981 1
1387 4148 1
3123 1169 1
691 1173 1
1884 1971 1
1994 1132 1
470 1002 1
1002 1994 1
3250 859 1
383 1945 1
332 779 1
545 547 1
1777 3550 1
1371 2263 1
2334 2434 1
236 3514 1
2018 3442 1
1237 3054 1
3365 2483 1
3008 2064 1
272 816 1
3572 2250 1
713 3885 1
2627 2263 1
240 2128 1
3427 3129 1
446 2263 1
15 3168 1
1760 856 1
3081 1169 1
383 407 1
3106 3637 1
1923 1994 1
514 3499 1
792 1298 1
1974 2128 1
605 2350 1
4020 816 1
1266 3487 1
2196 3707 1
66 1944 1
1669 1280 1
2321 15 1
251 979 1
2062 3818 1
2839 2254 1
1134 1233 1
85 2143 1
925 2125 1
1714 902 1
1999 3557 1
2711 605 1
2057 2472 1
117 3074 1
3877 1509 1
1918 934 1
3264 776 1
2948 1987 1
3418 2386 1
819 1044 1
4121 2961 1
1128 3578 1
4079 470 1
1266 1783 1
914 1183 1
1764 1763 1
4033 3753 1
121 1064 1
1945 1226 1
247 3705 1
1209 1041 1
1759 3174 1
1762 1768 1
547 3289 1
436 3727 1
769 2513 1
2892 3258 1
2690 2149 1
1783 2250 1
1236 1722 1
2823 1244 1
3081 1981 1
2626 346 1
3027 2280 1
3023 3577 1
2101 3574 1
2603 1127 1
2886 1011 1
366 3288 1
3320 3796 1
1981 1169 1
2776 1394 1
514 3155 1
1672 1148 1
4006 824 1
3164 3809 1
1553 2947 1
632 1961 1
1182 2762 1
2066 3728 1
2017 663 1
2865 3002 1
3881 1191 1
1907 3754 1
1348 1051 1
2831 1794 1
3123 706 1
4011 1266 1
736 4109 1
1419 436 1
1599 767 1
3625 1059 1
2049 2050 1
2081 1041 1
1806 2173 1
2043 2152 1
338 590 1
157 2399 1
2168 201 1
518 3659 1
4006 1531 1
1485 3168 1
1930 2498 1
3613 1064 1
1022 2281 1
3260 1946 1
2936 2060 1
4006 1438 1
1800 3718 1
2052 3276 1
1056 3864 1
2876 2237 1
2999 3273 1
1555 3872 1
731 3154 1
1030 2369 1
1746 533 1
3387 2250 1
1376 2411 1
1146 2394 1
2903 3897 1
379 2242 1
2913 417 1
3059 2118 1
2101 2480 1
387 1014 1
1563 85 1
2786 3813 1
2821 1051 1
2783 2821 1
1553 671 1
1999 796 1
166 2320 1
59 2170 1
1616 1981 1
317 2625 1
3125 726 1
796 595 1
532 2189 1
1497 1692 1
190 2223 1
281 818 1
3494 2144 1
1512 89 1
1559 2247 1
2243 1147 1
796 832 1
673 2004 1
69 3718 1
2709 2733 1
2083 1349 1
737 3653 1
1236 2248 1
2708 2317 1
466 3548 1
556 2369 1
1485 1616 1
1908 2447 1
595 2091 1
3557 2192 1
1999 1209 1
570 3134 1
850 1204 1
840 3511 1
3075 2220 1
673 1064 1
3054 3603 1
3054 705 1
3219 1509 1
925 2909 1
239 556 1
85 3726 1
716 2688 1
1485 778 1
1566 1231 1
679 878 1
3154 2067 1
4052 3824 1
1348 2749 1
3558 2186 1
380 2350 1
3387 196 1
1908 2138 1
2204 3629 1
1910 2356 1
3219 3877 1
977 1119 1
866 3716 1
1984 814 1
2867 1981 1
2759 737 1
1687 528 1
1014 2410 1
796 3894 1
353 974 1
426 1009 1
1935 1031 1
1051 3897 1
180 88 1
2861 3896 1
1011 3386 1
3168 1226 1
2321 778 1
331 2074 1
236 3904 1
3123 2233 1
2239 723 1
1677 1818 1
2168 3897 1
2995 3134 1
3748 3856 1
3327 3874 1
767 2278 1
866 1264 1
1683 1066 1
970 3618 1
2321 1616 1
380 1099 1
1942 2250 1
518 1209 1
4003 1759 1
250 737 1
486 2446 1
1230 3894 1
1099 2419 1
2737 527 1
449 2165 1
2089 1123 1
3414 3757 1
2971 3817 1
769 785 1
3091 2049 1
4020 1236 1
2305 2995 1
4002 2753 1
3066 3313 1
4003 4020 1
1944 3347 1
1009 1113 1
3881 1008 1
1783 2386 1
3385 1038 1
3874 3473 1
2013 3483 1
155 1878 1
3287 847 1
4034 3629 1
2944 2996 1
3252 1225 1
3807 919 1
3016 1741 1
1266 1994 1
3356 873 1
3190 1023 1
3173 3488 1
2977 1250 1
3357 3373 1
976 3887 1
1544 3686 1
4049 1153 1
289 738 1
5 250 1
338 1160 1
529 2250 1
3241 2144 1
354 3273 1
157 2196 1
1760 2473 1
117 833 1
3074 250 1
1266 470 1
1668 2322 1
3559 3803 1
616 885 1
1759 2250 1
1493 2411 1
1063 570 1
43 2767 1
5 2276 1
529 1942 1
3347 3714 1
3653 2250 1
1237 3762 1
2374 1091 1
1506 201 1
1034 2513 1
1958 3818 1
2846 3637 1
1433 1938 1
3327 799 1
1994 1064 1
141 2941 1
2321 3288 1
55 3284 1
2965 890 1
2984 2004 1
5 2386 1
1949 2039 1
3297 2211 1
3691 2393 1
383 2247 1
4129 600 1
3306 1938 1
1792 2237 1
1751 884 1
1255 1299 1
1759 673 1
582 979 1
2861 436 1
2280 1226 1
4079 673 1
2050 3633 1
1760 3559 1
3494 51 1
426 1041 1
1485 407 1
470 3418 1
446 1180 1
2085 3780 1
868 3877 1
1412 1198 1
629 645 1
2842 359 1
3181 3200 1
707 1014 1
4129 3894 1
366 1226 1
3340 2203 1
2980 3799 1
126 2323 1
832 1506 1
3155 1064 1
3951 673 1
137 1233 1
1042 2419 1
1788 1852 1
1274 933 1
350 3174 1
3192 2120 1
4129 595 1
3029 277 1
3288 2357 1
3941 3127 1
3271 1274 1
405 2429 1
3491 1059 1
1535 2233 1
3387 1119 1
3784 2380 1
518 1230 1
3074 737 1
2192 2749 1
1432 2356 1
3987 585 1
4034 3310 1
157 2744 1
399 2156 1
1599 1194 1
1944 3613 1
2723 799 1
2990 2145 1
2201 3728 1
340 983 1
1559 3288 1
2759 3297 1
1023 1053 1
789 2373 1
3260 3415 1
3686 1265 1
387 2369 1
3541 2355 1
1348 796 1
2084 3780 1
1367 1034 1
1419 673 1
596 1031 1
1169 3789 1
2094 2267 1
344 3479 1
3682 2403 1
2328 3010 1
621 943 1
3255 971 1
2320 1192 1
3686 3692 1
1694 2283 1
1942 739 1
4079 1064 1
287 1044 1
878 3851 1
2140 3881 1
3124 2036 1
1935 3352 1
3131 2193 1
4079 3387 1
2830 2130 1
2128 3783 1
2192 3897 1
1169 1226 1
2867 706 1
4138 3904 1
1809 2447 1
3987 3874 1
1677 2035 1
4079 3714 1
311 1192 1
707 2369 1
3126 2744 1
3955 2128 1
3210 3673 1
971 2388 1
3965 4083 1
504 726 1
2560 2280 1
4137 1606 1
397 3110 1
3411 1424 1
1371 3837 1
3327 428 1
1692 971 1
1967 1667 1
2263 2437 1
3297 2004 1
660 2335 1
529 3714 1
523 3571 1
559 2339 1
1147 2394 1
2303 882 1
1864 805 1
1433 2298 1
65 428 1
1535 2320 1
707 2410 1
514 1780 1
3613 2250 1
151 3387 1
1781 3257 1
1841 3867 1
453 3695 1
1572 2138 1
293 3250 1
2767 2996 1
623 1043 1
2782 2291 1
1923 1748 1
21 2089 1
1941 772 1
1002 3418 1
1733 3634 1
3051 3058 1
380 3660 1
3273 776 1
3427 3626 1
190 2203 1
1966 3673 1
52 3868 1
180 2839 1
2821 832 1
1481 1689 1
3573 2189 1
3989 2723 1
3685 2393 1
569 2856 1
1760 3465 1
3442 1192 1
3578 2453 1
3418 2947 1
925 3048 1
3174 3297 1
2195 1011 1
223 3102 1
3260 3661 1
861 1300 1
1030 239 1
2928 3073 1
547 3160 1
3114 2428 1
903 965 1
1697 2480 1
4079 1942 1
2950 673 1
3987 2303 1
885 2856 1
2890 1946 1
590 2305 1
2254 2413 1
1002 1064 1
3206 3613 1
2290 2410 1
995 2378 1
1591 2164 1
2216 72 1
564 3572 1
2906 2280 1
2752 1534 1
70 3520 1
3283 3347 1
166 523 1
1707 3418 1
2918 3251 1
67 3637 1
1660 741 1
3290 1629 1
4105 2786 1
2735 877 1
3965 1563 1
4033 3798 1
1667 1677 1
2776 847 1
4011 753 1
3260 3673 1
529 3653 1
3659 2291 1
1674 3601 1
1433 2356 1
89 1295 1
4141 2029 1
3318 885 1
2867 1169 1
3165 2395 1
3287 1192 1
2016 1064 1
1002 737 1
1009 1506 1
3168 1192 1
2903 1051 1
2250 1091 1
2701 1078 1
2104 3893 1
1157 3846 1
954 3416 1
824 3482 1
2906 2247 1
3154 3494 1
3271 514 1
1705 2450 1
3271 2513 1
2753 1002 1
67 2846 1
2737 3043 1
1194 3555 1
2305 1160 1
1472 2266 1
1356 3347 1
3091 2320 1
2753 1882 1
1659 3447 1
3501 2130 1
4006 3594 1
1677 2186 1
1770 2268 1
3807 3958 1
1433 3719 1
3503 1006 1
1237 1997 1
3056 1257 1
2903 1113 1
2923 2371 1
1961 3244 1
299 2202 1
3853 1291 1
3435 2234 1
4138 236 1
5 3487 1
2964 1905 1
1531 3151 1
665 2164 1
54 2328 1
1348 600 1
2687 864 1
573 3844 1
2320 2357 1
240 2917 1
1762 670 1
2560 2247 1
3964 150 1
707 2290 1
1445 1952 1
285 3347 1
3124 3686 1
34 67 1
126 2375 1
988 2762 1
3154 1863 1
1873 2995 1
665 673 1
4003 1607 1
3529 3808 1
1809 2514 1
184 3875 1
106 2723 1
645 1167 1
1937 3770 1
3935 239 1
1783 3487 1
6 673 1
2195 1268 1
769 1367 1
2575 1194 1
2977 3347 1
4129 1113 1
1234 565 1
1419 3074 1
1898 1509 1
3326 3770 1
2539 1007 1
1386 3248 1
2262 1239 1
1641 616 1
2138 3610 1
3074 3206 1
3231 570 1
2301 2995 1
15 1226 1
3074 350 1
3183 864 1
2545 2181 1
1778 915 1
763 1200 1
494 2018 1
451 1792 1
3074 2004 1
2780 1999 1
572 570 1
1550 3555 1
775 776 1
1325 3388 1
2626 2681 1
1266 3387 1
426 3557 1
3510 3660 1
1394 3288 1
2753 2211 1
3611 1275 1
2753 3206 1
2550 673 1
263 681 1
106 3327 1
1331 2637 1
3315 2276 1
1901 861 1
3035 846 1
2138 2483 1
605 1018 1
626 738 1
2626 4157 1
4151 621 1
169 2996 1
1472 332 1
1531 3100 1
3271 3305 1
3962 3100 1
4060 1536 1
3363 825 1
1660 621 1
598 1113 1
2770 1767 1
742 1191 1
1194 2189 1
941 3794 1
3733 1250 1
1783 3347 1
1376 2276 1
1599 2278 1
218 1134 1
102 1798 1
2977 3315 1
3602 1244 1
4065 1291 1
3387 3418 1
5 2004 1
1999 2291 1
1433 2474 1
593 2417 1
1661 1048 1
3207 2138 1
2627 3996 1
2830 1180 1
2753 529 1
1710 4022 1
2067 2188 1
3347 3418 1
117 3206 1
1950 3885 1
486 1063 1
2039 2154 1
3517 2277 1
1535 1945 1
2756 1039 1
3027 3288 1
753 2209 1
1827 942 1
3546 3693 1
383 2280 1
708 3861 1
3127 1137 1
2251 2995 1
1467 3253 1
1438 1284 1
3382 2299 1
3591 778 1
2571 1923 1
3418 3653 1
1718 827 1
3500 2675 1
413 3284 1
1561 716 1
3033 777 1
1643 2141 1
1575 3798 1
1266 529 1
971 1022 1
395 3119 1
3782 3875 1
3347 2366 1
2271 403 1
1009 2091 1
94 4157 1
2906 2429 1
5 436 1
1994 3487 1
2909 799 1
1801 1455 1
2886 717 1
3036 1825 1
1923 3283 1
172 1180 1
1002 2004 1
1767 2649 1
986 3708 1
2675 3761 1
3591 3789 1
3173 2182 1
3337 2051 1
3010 1708 1
2039 2947 1
3042 2504 1
2780 2749 1
854 1443 1
3123 1981 1
3729 3693 1
4121 2350 1
3117 2077 1
278 3125 1
2753 2984 1
3355 866 1
1576 2234 1
2103 2220 1
4121 3782 1
3075 941 1
723 723 1
4079 2984 1
3174 2276 1
720 971 1
3935 2196 1
1467 3597 1
2496 2959 1
3987 1882 1
968 2089 1
200 3222 1
1018 2350 1
424 1041 1
765 923 1
3027 2867 1
1951 801 1
2032 3487 1
3174 3714 1
2780 832 1
2861 721 1
2909 936 0
3644 3936 0
3841 2701 0
2391 543 0
869 3682 0
807 1071 0
3415 1596 0
2242 673 0
374 3829 0
3041 3400 0
2274 2576 0
797 832 0
3578 3775 0
3203 1290 0
1146 487 0
3728 3588 0
1553 2015 0
218 3931 0
407 1661 0
1366 1760 0
2753 970 0
1923 1119 0
2668 564 0
2057 3547 0
353 3848 0
4002 472 0
392 2752 0
562 436 0
2683 2099 0
4063 3963 0
44 3475 0
1993 3113 0
2668 2923 0
1665 3354 0
3526 4079 0
235 2059 0
4054 3465 0
1711 916 0
153 2856 0
2212 3969 0
3881 3080 0
1596 2316 0
3947 1736 0
2701 2723 0
977 151 0
2723 1914 0
875 158 0
428 3180 0
55 1680 0
2524 204 0
694 3698 0
1265 1033 0
1881 2143 0
3856 2876 0
1292 763 0
103 3623 0
3903 865 0
3093 941 0
4108 1994 0
3342 984 0
2138 1597 0
3284 3896 0
3981 2593 0
1568 103 0
1607 807 0
1768 3532 0
3283 2667 0
2069 3255 0
1429 2326 0
3923 1041 0
802 383 0
1155 3903 0
19 661 0
3904 2476 0
556 35 0
1238 547 0
153 1263 0
3024 3724 0
2366 2943 0
3490 2627 0
692 293 0
3925 219 0
1627 477 0
838 1960 0
3754 1143 0
3087 169 0
3168 2355 0
166 3686 0
3398 315 0
343 1567 0
2253 1488 0
2559 1876 0
2223 2778 0
3668 833 0
3273 1923 0
2103 2673 0
3386 118 0
2157 2482 0
1520 2216 0
3447 209 0
3183 1420 0
4035 1176 0
312 2977 0
2095 3177 0
464 316 0
147 853 0
1950 3462 0
2216 3578 0
1111 1613 0
1923 490 0
1607 2576 0
1685 3754 0
31 332 0
1128 2267 0
864 1184 0
3335 564 0
1132 97 0
860 2016 0
3896 3378 0
652 3206 0
3674 1128 0
3072 4140 0
409 3326 0
3180 1264 0
3803 2162 0
2173 347 0
1660 3208 0
4079 1545 0
2844 4102 0
2627 776 0
2819 1367 0
2515 3437 0
529 2017 0
3930 2977 0
3287 1485 0
592 3455 0
3023 2462 0
3052 3651 0
1313 2149 0
799 515 0
106 1486 0
590 2901 0
2128 2376 0
44 2441 0
465 3697 0
2531 2748 0
3433 816 0
1972 5 0
2019 816 0
1266 1979 0
1274 3634 0
1164 3807 0
3705 3921 0
1613 1453 0
3020 3186 0
2035 1422 0
1823 8 0
1104 4005 0
529 1376 0
4079 1701 0
1197 2831 0
1210 533 0
2134 2186 0
831 3462 0
4155 3091 0
3635 3121 0
379 66 0
3741 2779 0
3103 3123 0
3686 3146 0
1707 2984 0
1202 1513 0
482 3558 0
413 2358 0
3206 1524 0
3770 2302 0
3842 2920 0
1635 2851 0
656 3661 0
985 4011 0
1891 2412 0
209 2360 0
3237 3732 0
2938 4020 0
584 1195 0
1908 3614 0
2627 3327 0
2124 1409 0
536 446 0
3327 103 0
816 2223 0
1328 807 0
2763 310 0
2637 1437 0
1429 2813 0
1420 640 0
1551 227 0
3469 2999 0
238 432 0
1939 1946 0
1168 3347 0
1759 1545 0
3407 66 0
4047 1821 0
4048 2122 0
6 1423 0
3465 806 0
190 3084 0
668 1985 0
4079 2365 0
1498 1513 0
504 2123 0
1122 1553 0
428 2075 0
2550 350 0
2015 2360 0
2900 2203 0
250 2602 0
1591 2210 0
3224 1650 0
1939 341 0
1064 1185 0
1167 3809 0
827 3920 0
1274 2676 0
2326 1669 0
3283 1091 0
2474 3062 0
859 2505 0
528 1689 0
2743 3154 0
226 276 0
2737 516 0
1733 2004 0
1169 494 0
750 1192 0
3972 3558 0
1551 3783 0
1661 2411 0
4079 1078 0
3075 1461 0
3734 830 0
2220 3326 0
619 3613 0
1748 412 0
1635 2266 0
3407 1380 0
2018 2128 0
3611 2675 0
4020 4026 0
737 3475 0
3758 3250 0
2098 1450 0
2759 2365 0
807 3586 0
1853 3120 0
679 2173 0
4117 3973 0
3841 3874 0
2069 1986 0
3891 2965 0
312 3714 0
3578 2067 0
3150 417 0
3300 283 0
1797 3868 0
2134 1191 0
2643 2141 0
3091 3378 0
655 2844 0
2281 1677 0
2685 140 0
3097 1491 0
1080 1200 0
2016 146 0
1660 3739 0
3459 2201 0
2458 293 0
2008 4015 0
2035 3170 0
2759 321 0
1808 3210 0
2793 3264 0
2786 3674 0
1994 1210 0
778 1773 0
622 2079 0
3775 473 0
7 770 0
3274 55 0
2620 3135 0
2290 2074 0
3587 547 0
3073 4010 0
1875 3024 0
1078 715 0
2055 924 0
250 2078 0
1973 3951 0
1473 304 0
2453 1553 0
1277 1800 0
66 1002 0
1666 465 0
240 1196 0
1078 2006 0
2918 3297 0
1882 1266 0
2529 1813 0
2913 2948 0
1187 1052 0
1129 1495 0
2951 2172 0
1816 993 0
2386 379 0
2128 2297 0
3290 1923 0
2347 3969 0
4079 4086 0
3599 3394 0
2372 1475 0
3959 3206 0
3872 153 0
3140 1976 0
2201 654 0
3235 1433 0
2528 3590 0
153 325 0
1394 494 0
3683 2593 0
2516 1994 0
2829 344 0
2850 4034 0
1997 2767 0
1002 2667 0
2064 1996 0
3091 1024 0
2161 1614 0
415 3058 0
1304 3402 0
737 151 0
4009 2204 0
3869 427 0
2720 3273 0
3475 1746 0
2138 1762 0
34 1187 0
2396 1358 0
3403 364 0
2031 1173 0
2753 973 0
613 225 0
3521 2159 0
827 849 0
2310 2651 0
1008 1224 0
3374 3207 0
1760 3326 0
775 1657 0
356 531 0
1707 1968 0
4105 1119 0
3018 2738 0
2268 1064 0
2548 3183 0
3746 419 0
1274 3827 0
384 833 0
3360 3193 0
2912 3168 0
3159 3388 0
3769 2953 0
5 654 0
3222 3996 0
548 739 0
3777 770 0
531 308 0
559 1150 0
181 1364 0
470 2039 0
482 2816 0
3203 432 0
562 2276 0
764 1328 0
1100 1071 0
4080 2201 0
1673 2553 0
2040 569 0
2723 1927 0
3063 4157 0
924 3423 0
584 3571 0
3407 472 0
3298 1443 0
2797 55 0
3120 2452 0
1765 1767 0
3673 3616 0
823 1883 0
739 4143 0
2550 4152 0
1376 691 0
3120 3100 0
3977 3601 0
189 3714 0
4055 2447 0
2361 3411 0
2426 3632 0
496 1156 0
3155 671 0
2682 3589 0
1268 2885 0
417 3454 0
3777 7 0
405 840 0
2289 3347 0
3350 436 0
1886 2902 0
4020 3743 0
2984 2854 0
2367 914 0
2064 4153 0
3078 1268 0
283 3029 0
285 4002 0
799 66 0
2263 3783 0
1064 724 0
1266 1482 0
1770 4016 0
3313 1200 0
574 2319 0
327 2802 0
3140 1223 0
537 2125 0
2870 692 0
3558 3815 0
2022 232 0
3653 1735 0
1623 1064 0
2869 3154 0
2918 2211 0
2075 2635 0
704 792 0
4053 1685 0
564 2994 0
1643 245 0
708 451 0
4082 1834 0
2196 3227 0
350 2863 0
527 2416 0
648 1616 0
2258 1565 0
2075 1759 0
739 1356 0
3866 2373 0
117 196 0
164 919 0
654 3594 0
4146 3389 0
1973 3487 0
1736 3878 0
3284 778 0
454 3658 0
1064 3260 0
753 1783 0
1260 112 0
3061 548 0
1328 1365 0
618 1250 0
3547 3347 0
2516 350 0
3532 2447 0
3935 808 0
259 2984 0
1517 1423 0
2236 2417 0
1006 656 0
3611 1609 0
1128 361 0
1760 2709 0
490 1783 0
3657 656 0
1729 3570 0
2057 2250 0
2593 450 0
3378 3442 0
3646 3487 0
2999 1927 0
3161 1184 0
3673 3152 0
4003 473 0
117 1545 0
436 3743 0
1585 2693 0
2426 2685 0
520 2358 0
3540 3255 0
2050 1035 0
2145 1676 0
3205 1597 0
2640 3611 0
2685 3260 0
3526 3097 0
1317 2829 0
1007 462 0
522 4003 0
3820 1064 0
834 4008 0
975 620 0
2287 931 0
3794 2321 0
4152 2211 0
3854 1736 0
346 2089 0
1623 2276 0
3945 103 0
3788 2152 0
1171 4148 0
1187 3945 0
1250 1356 0
3155 933 0
839 2476 0
3272 2627 0
4078 3122 0
365 2977 0
1072 1444 0
2095 2075 0
3502 895 0
746 2263 0
681 2710 0
3348 399 0
1164 3862 0
259 3611 0
1773 2355 0
1033 2753 0
160 3056 0
1249 2675 0
2153 2152 0
1975 25 0
3671 2008 0
2152 4139 0
222 2360 0
2272 3120 0
65 3859 0
227 3526 0
1759 1608 0
3995 1496 0
4024 681 0
3419 1769 0
3202 2428 0
2094 2118 0
3826 3415 0
3378 1394 0
3203 3586 0
351 97 0
2183 250 0
2036 4142 0
3784 436 0
2209 189 0
784 877 0
250 3733 0
1101 1076 0
2263 546 0
1440 3195 0
2277 3748 0
473 2027 0
1141 2798 0
51 770 0
3686 742 0
384 3653 0
1656 3728 0
3594 1994 0
2479 1643 0
671 1482 0
795 798 0
491 2763 0
103 2049 0
2138 3399 0
540 2494 0
1596 866 0
1128 1600 0
718 2864 0
2445 1219 0
1309 3634 0
985 4079 0
2382 695 0
3827 342 0
3387 2066 0
2982 1708 0
1408 3260 0
878 3540 0
4056 1938 0
2708 1816 0
2754 3651 0
137 3638 0
2138 1488 0
2712 3191 0
3633 1709 0
3487 3547 0
3204 1931 0
2474 2561 0
1196 816 0
3648 2736 0
3003 3103 0
2723 3578 0
2451 240 0
1959 2984 0
3987 3206 0
569 1739 0
3950 4079 0
2977 4154 0
2691 2518 0
350 1250 0
814 3877 0
2049 1950 0
3672 1528 0
1665 3278 0
3283 3733 0
317 675 0
1977 3847 0
3862 1531 0
2312 3905 0
801 3432 0
1661 1376 0
737 1701 0
88 1018 0
1394 197 0
812 44 0
1358 3610 0
3566 227 0
2223 4065 0
4013 2204 0
603 3362 0
3658 3800 0
3387 4143 0
2583 1987 0
1893 3728 0
3889 2149 0
3837 1828 0
852 610 0
2103 3972 0
2929 1735 0
2483 3813 0
4005 452 0
4105 2386 0
621 3686 0
3559 816 0
3496 2220 0
488 157 0
3780 3779 0
3840 724 0
833 4003 0
4124 807 0
477 1033 0
2918 1923 0
3743 3296 0
428 1883 0
2553 3943 0
2101 1231 0
2624 3303 0
3415 1585 0
2590 3810 0
384 1419 0
2396 954 0
3250 2625 0
6 1707 0
1138 3273 0
203 613 0
729 752 0
560 3793 0
106 1002 0
3079 595 0
1559 2839 0
619 1207 0
2405 6 0
3272 1659 0
2914 2094 0
1064 3407 0
350 2795 0
575 1224 0
3454 2134 0
222 2187 0
245 2416 0
4079 1376 0
1985 540 0
2786 3074 0
3222 3021 0
1446 409 0
409 227 0
3878 3500 0
4108 2276 0
2276 3155 0
1177 3906 0
3012 2752 0
3735 2798 0
2206 377 0
827 2378 0
3449 3788 0
1064 4152 0
2655 2483 0
3777 3977 0
1867 3498 0
618 5 0
1011 3447 0
2714 2824 0
2232 2505 0
748 235 0
3313 3289 0
477 3586 0
2965 3123 0
2984 1091 0
3387 4003 0
2752 3793 0
3501 536 0
3876 1724 0
1491 3516 0
2128 3914 0
31 3514 0
2250 3180 0
1940 2831 0
3714 4086 0
4011 1319 0
2211 917 0
1191 2128 0
2709 1244 0
2626 3919 0
3064 812 0
4112 250 0
1284 2819 0
2172 995 0
3053 2094 0
684 2140 0
3472 3651 0
2049 1524 0
3347 955 0
993 3928 0
2715 1806 0
1233 1231 0
2465 1775 0
3777 4132 0
2861 3395 0
2027 472 0
3635 2441 0
3235 1938 0
3019 2437 0
2356 446 0
3441 1961 0
2211 3475 0
3620 3668 0
1427 4074 0
3742 684 0
1773 166 0
694 1916 0
1409 1493 0
3878 703 0
5 2602 0
187 818 0
1728 3195 0
3151 4006 0
2211 1959 0
673 3207 0
1231 2709 0
3520 3718 0
954 3788 0
2975 1685 0
1657 150 0
1277 285 0
1102 1198 0
3120 354 0
2066 1266 0
2425 3367 0
758 88 0
527 1464 0
1399 2379 0
548 3415 0
3208 4140 0
1405 2098 0
3883 432 0
4081 1601 0
3168 3284 0
1938 2033 0
2750 2999 0
1759 131 0
3125 3644 0
2367 44 0
1966 961 0
2985 117 0
1524 1419 0
1051 1288 0
901 3903 0
4020 1608 0
1764 1768 0
3635 4140 0
30 3796 0
2863 2250 0
2367 3733 0
3620 1266 0
3297 1210 0
3877 1828 0
134 1711 0
3760 3743 0
2667 1994 0
645 271 0
715 3387 0
94 1447 0
2502 4015 0
2441 2675 0
2998 3227 0
2977 604 0
1513 673 0
3146 3312 0
1113 3079 0
938 187 0
2929 2827 0
245 428 0
744 2476 0
3410 2766 0
1191 2862 0
1207 2517 0
2311 260 0
3360 325 0
1630 2473 0
2826 2046 0
2861 569 0
1264 454 0
235 1185 0
2984 3987 0
350 2032 0
2470 1309 0
1566 1822 0
2773 687 0
2813 2396 0
2355 1731 0
3601 2692 0
1419 2562 0
227 2326 0
3322 3808 0
3169 859 0
1371 1356 0
1103 1091 0
4140 1464 0
950 294 0
3040 3228 0
3284 2970 0
2173 1941 0
1134 3299 0
924 4028 0
465 2012 0
2415 763 0
2646 2565 0
2779 3701 0
3546 3815 0
3003 4101 0
3473 318 0
2833 2883 0
1078 4037 0
2657 1644 0
2166 2261 0
3207 3955 0
2233 3284 0
317 3698 0
1544 835 0
374 655 0
121 860 0
983 4106 0
3716 4109 0
3613 949 0
3944 3138 0
2655 3407 0
3124 3837 0
2004 1492 0
1495 747 0
2878 42 0
812 2753 0
2082 3774 0
3506 683 0
2593 1469 0
384 4002 0
2147 97 0
562 3347 0
2178 3330 0
4047 2162 0
2075 4152 0
1466 2773 0
3460 1238 0
2737 2543 0
3558 1038 0
2906 3591 0
2209 428 0
2624 576 0
1773 3081 0
1471 2515 0
877 3473 0
2861 3174 0
2773 3797 0
3653 3578 0
1660 3092 0
42 2321 0
259 60 0
1746 3297 0
1461 764 0
2319 1008 0
3531 1153 0
3827 3832 0
2909 739 0
298 4012 0
1002 1387 0
2380 166 0
4034 1533 0
3332 3895 0
88 575 0
2864 3339 0
4138 1381 0
481 1680 0
3546 2990 0
1128 454 0
1617 3381 0
2141 1383 0
3278 91 0
2211 3547 0
2962 178 0
1934 3714 0
2977 3174 0
346 3222 0
3618 3312 0
383 1455 0
3373 1362 0
3485 704 0
2191 1103 0
3417 3260 0
2984 2701 0
3709 477 0
827 2156 0
835 249 0
1064 985 0
2978 2217 0
3327 3938 0
3759 1946 0
986 152 0
2087 1924 0
2604 3074 0
1140 1191 0
906 703 0
2510 1533 0
66 1247 0
3207 3211 0
981 3872 0
2448 1400 0
941 3287 0
1673 2706 0
218 2098 0
3506 87 0
2913 1067 0
1591 1370 0
3249 941 0
1431 1677 0
1909 1035 0
3344 2844 0
2250 2957 0
1934 2287 0
1983 683 0
2376 1606 0
1614 585 0
3762 2709 0
1593 412 0
3378 3559 0
3473 1451 0
2984 4039 0
954 2126 0
3415 1458 0
3365 2138 0
1422 3092 0
321 3418 0
1959 436 0
2100 2317 0
3473 44 0
674 350 0
1981 1661 0
350 3171 0
963 3683 0
3386 2286 0
1442 3686 0
1043 1596 0
4003 121 0
3549 1353 0
681 2737 0
3026 3255 0
763 4137 0
1185 2098 0
356 3290 0
983 805 0
954 3195 0
301 3601 0
856 2473 0
409 2727 0
2943 2745 0
2022 3862 0
1524 3568 0
718 3526 0
2201 2268 0
1394 996 0
57 2949 0
263 3603 0
3210 2518 0
4020 2293 0
1312 3774 0
1280 2264 0
2075 673 0
1852 1228 0
3378 2896 0
2876 2565 0
2746 2727 0
1328 1905 0
1443 2991 0
1207 3871 0
3358 2753 0
3714 2242 0
3583 227 0
2046 1482 0
1882 2250 0
2198 2856 0
2040 2733 0
3670 593 0
2276 2863 0
1034 3582 0
1571 1483 0
557 1940 0
3318 153 0
3400 2198 0
3511 1336 0
663 470 0
1078 2720 0
4122 4078 0
312 472 0
3708 3788 0
2720 618 0
514 3582 0
322 121 0
1078 523 0
903 1625 0
1482 2415 0
329 2173 0
1946 2813 0
3387 2479 0
3012 540 0
2972 4083 0
3668 1994 0
3652 2753 0
323 225 0
3297 189 0
1043 1816 0
1656 1185 0
1607 106 0
2554 2194 0
3640 3610 0
2502 2914 0
3808 1307 0
2919 2576 0
1755 2992 0
1155 341 0
2211 4072 0
3531 1522 0
2437 3906 0
3081 253 0
1145 1148 0
2094 3788 0
705 2685 0
1592 5 0
2957 2245 0
4003 1824 0
241 1440 0
121 2855 0
1513 4005 0
3120 106 0
3174 2365 0
2572 1882 0
663 4003 0
97 2953 0
1709 1409 0
1673 2721 0
1951 457 0
3503 3407 0
949 2004 0
2070 2588 0
1262 760 0
2987 217 0
3959 3296 0
1132 1867 0
1371 3347 0
3558 3816 0
1280 1430 0
996 383 0
44 1222 0
3984 2972 0
2372 3955 0
1620 2143 0
970 705 0
2723 2457 0
1456 1198 0
103 1942 0
2985 586 0
1517 2759 0
2295 984 0
2514 3759 0
1176 3260 0
564 699 0
412 436 0
2764 1132 0
3040 2844 0
367 1269 0
3439 3827 0
533 3653 0
2018 3123 0
1245 455 0
1759 860 0
1812 2645 0
1164 3986 0
3646 4011 0
1438 1034 0
2035 2746 0
250 3547 0
535 495 0
3960 1951 0
2550 232 0
432 1264 0
857 2999 0
692 3078 0
2516 1302 0
2242 3283 0
2320 684 0
3121 191 0
739 3061 0
1132 3951 0
1263 3526 0
2693 151 0
2365 1546 0
656 1566 0
4015 2087 0
2069 4015 0
2727 921 0
2138 3673 0
1407 3100 0
1141 2628 0
1798 2485 0
2143 3965 0
3171 2204 0
2659 3981 0
3154 153 0
451 2358 0
2379 3267 0
1224 1083 0
954 3803 0
180 3510 0
1918 3936 0
32 94 0
466 1011 0
3032 2525 0
2022 468 0
2668 699 0
1722 1566 0
3465 3728 0
1986 3460 0
2510 2838 0
684 2049 0
3727 350 0
379 5 0
1419 2554 0
4047 3207 0
67 705 0
3578 3290 0
1062 2047 0
144 232 0
3981 2397 0
1950 2391 0
2945 1383 0
3816 1953 0
112 2766 0
2953 2753 0
740 1921 0
3207 2396 0
1844 776 0
3487 2201 0
2701 2128 0
3881 2036 0
3140 1760 0
678 2613 0
17 1738 0
1725 347 0
364 2180 0
3536 2748 0
2169 3794 0
3889 847 0
3340 3921 0
2217 2173 0
3157 3460 0
154 1600 0
384 470 0
2948 1412 0
3439 3955 0
2263 2675 0
356 2726 0
2038 2184 0
3683 933 0
1250 681 0
2604 4079 0
1187 3637 0
1203 375 0
301 1337 0
2809 3580 0
1553 3648 0
477 3043 0
3460 983 0
2658 2324 0
1167 2158 0
3613 1168 0
2852 479 0
3253 1730 0
3378 3081 0
3646 117 0
2668 2611 0
3375 1231 0
1471 3415 0
1940 4106 0
3386 3878 0
3661 3264 0
3298 2877 0
3095 2457 0
1002 1078 0
3808 2204 0
2144 1062 0
1419 1554 0
2220 1714 0
2412 1461 0
3260 1429 0
3463 235 0
1579 3029 0
3583 766 0
844 1680 0
2476 3969 0
2095 4079 0
1374 603 0
2302 2128 0
2173 1679 0
2965 3378 0
1809 1768 0
3594 65 0
3653 351 0
1524 2984 0
1064 769 0
2129 1011 0
984 3652 0
878 2673 0
295 583 0
1438 1532 0
2012 2473 0
931 1002 0
2325 944 0
1264 2576 0
1766 4076 0
1608 2984 0
2534 3370 0
253 2773 0
1137 157 0
1776 487 0
1277 2565 0
1700 3407 0
3447 222 0
763 3781 0
3571 706 0
626 3209 0
3422 2867 0
4069 3017 0
2522 3118 0
1376 1164 0
1138 436 0
564 44 0
3273 3203 0
3500 1054 0
1067 2072 0
1024 253 0
2437 2031 0
1423 1419 0
4067 87 0
2863 1923 0
106 2248 0
1275 2289 0
1167 2615 0
799 354 0
0 4085 0
395 1188 0
2159 3726 0
2366 66 0
221 565 0
1345 374 0
4138 2557 0
4141 2486 0
2354 1007 0
3092 2791 0
2593 2401 0
853 748 0
2236 3136 0
1315 1801 0
1103 1882 0
1818 2522 0
3150 497 0
2758 1022 0
3518 1747 0
246 2886 0
954 2655 0
2453 3661 0
4112 1091 0
374 941 0
3229 2274 0
2962 2708 0
2095 1824 0
1994 1387 0
1412 914 0
232 1356 0
707 742 0
3558 4001 0
473 2627 0
3716 1111 0
3062 2561 0
2653 2333 0
4128 3607 0
2427 2869 0
3877 3885 0
3447 2089 0
250 2999 0
3871 2426 0
849 468 0
4048 1231 0
722 1292 0
2603 2259 0
3936 273 0
3803 3832 0
2528 935 0
3601 3417 0
2723 1759 0
846 3972 0
